Testing basic bubble sort
0.000010,0.000010,0.000011
0.000206,0.000132,0.000260
0.019784,0.012257,0.024285
2.277189,1.263131,2.447271
231.316710,125.499784,250.389669
Testing improved bubble sort
0.000014,0.000009,0.000011
0.000140,0.000009,0.000187
0.013732,0.000020,0.017869
1.617377,0.000133,1.848539
173.885628,0.001269,184.500769
Testing insertion sort
0.000009,0.000008,0.000009
0.000045,0.000010,0.000087
0.004104,0.000032,0.008080
0.402807,0.000246,0.829427
42.460310,0.002469,117.909818
Testing merge sort
0.000018,0.000018,0.000017
0.000065,0.000052,0.000052
0.000658,0.000509,0.000532
0.008192,0.005763,0.005844
0.102042,0.069041,0.073207
0.595138,0.408979,0.428132
6.907064,4.872518,5.129861
83.425751,59.753429,62.594991
Testing quick sort with last element pivot
0.000010,0.000011,0.000011
0.000037,0.000087,0.000070
0.000398,0.007043,0.006084
0.004870,0.515536,0.474394
0.058682,51.533821,48.842650
Testing quick sort with median of 3 pivot
0.000010,0.000010,0.000010
0.000039,0.000024,0.000030
0.000426,0.000153,0.000196
0.005255,0.001832,0.002252
0.062232,0.022766,0.025716
0.349622,0.116939,0.139552
4.006975,1.388411,1.576846
46.883849,16.256702,17.706983
Testing quick sort random pivot
0.000014,0.000015,0.000013
0.000051,0.000043,0.000046
0.000526,0.000350,0.000378
0.006057,0.003810,0.003802
0.069783,0.041190,0.041908
0.385680,0.227715,0.230611
4.358584,2.515946,2.559022
50.108368,27.398126,28.337067
